4294967278,12
4294967278,16
4294967278,15
4294967278,14
4294967278,13
4294967278,184
4294967279,349
4294967278,23
4294967278,22
4294967278,21
4294967278,20
4294967278,19
4294967278,18
4294967278,17
4294967278,541
4294967278,182
4294967279,348
4294967278,540
4294967279,347
4294967279,346
4294967278,180
4294967279,345
4294967278,36
4294967278,35
4294967278,34
4294967278,33
4294967278,32
4294967278,31
4294967278,30
4294967278,29
4294967278,28
4294967278,27
4294967278,26
4294967278,25
4294967278,24
4294967279,24
4294967279,23
4294967279,22
4294967279,21
4294967279,20
4294967278,179
4294967279,344
4294967278,178
4294967279,343
4294967279,342
4294967278,172
4294967294,926
4294967294,954
4294967294,925
4294967294,476
4294967279,341
4294967278,171
4294967278,170
4294967278,169
4294967278,166
4294967278,168
25,5
25,4
4294967278,167
25,3
25,2
25,1
4294967278,539
4294967278,538
4294967278,165
4294967294,923
4294967278,164
4294967278,163
24,4
24,3
24,2
24,1
4294967279,340
4294967278,162
4294967278,161
4294967278,160
23,4
23,3
23,2
23,1
4294967279,339
4294967278,159
4294967278,158
4294967278,157
4294967278,156
22,4
22,3
22,2
22,1
4294967278,155
4294967278,154
4294967278,153
21,4
21,3
21,2
21,1
4294967279,338
4294967278,152
4294967278,151
20,4
20,3
20,2
20,1
4294967279,18
4294967279,14
4294967279,13
4294967279,12
4294967279,136
4294967294,38
4294967294,36
4294967294,392
4294967294,441
4294967294,389
4294967294,114
4294967294,475
4294967294,955
4294967294,924
4294967279,135
4294967279,133
4294967279,337
4294967278,537
18,5
18,4
18,3
18,2
18,1
4294967294,40
4294967294,41
4294967278,536
17,4
17,3
17,2
17,1
4294967278,535
4294967279,269
4294967294,43
4294967294,44
4294967294,388
4294967294,387
4294967279,286
16,4
16,3
16,2
16,1
4294967278,534
4294967279,266
4294967294,51
4294967279,265
4294967294,76
4294967294,52
4294967294,82
4294967279,264
4294967279,263
15,4
15,3
15,2
15,1
4294967279,262
4294967294,88
4294967294,87
4294967294,85
4294967294,84
4294967279,284
4294967279,259
14,4
4294967278,533
14,3
14,2
14,1
4294967278,532
4294967279,258
4294967294,16
4294967294,91
4294967278,531
4294967279,336
4294967279,335
4294967278,530
4294967279,334
13,4
4294967278,529
13,3
13,2
13,1
4294967278,528
4294967279,333
4294967294,973
4294967278,527
4294967294,967
4294967279,332
4294967278,526
4294967279,331
4294967278,525
4294967278,524
4294967294,474
4294967294,470
4294967278,523
4294967294,69
4294967279,330
4294967278,522
4294967279,329
4294967278,521
4294967278,260
4294967278,252
4294967278,251
4294967279,328
4294967294,186
4294967278,245
4294967278,243
4294967278,240
4294967294,120
4294967278,238
4294967278,239
4294967279,327
4294967278,237
4294967278,234
4294967294,414
4294967294,907
4294967294,911
4294967294,957
4294967294,2
4294967294,426
4294967294,0
11,5
4294967278,232
11,4
11,3
11,2
11,1
4294967278,230
4294967294,50
4294967278,227
4294967278,224
4294967278,225
4294967278,222
4294967294,37
4294967278,220
4294967278,221
4294967278,218
4294967278,214
4294967278,213
4294967279,326
4294967279,260
4294967278,212
4294967294,107
4294967278,210
4294967294,94
4294967294,93
4294967294,96
4294967294,95
4294967278,209
4294967278,520
4294967294,9
4294967294,8
0,7
4294967294,393
4294967294,45
4294967294,53
4294967294,958
4294967294,29
4294967294,28
4294967294,27
4294967294,89
4294967294,914
4294967294,163
4294967294,1
4294967294,46
4294967294,92
4294967294,90
4294967294,86
4294967278,208
4294967279,325
4294967278,207
4294967279,324
4294967278,519
4294967278,518
4294967279,323
4294967278,517
4294967279,322
4294967278,203
4294967279,321
4294967278,516
4294967278,515
4294967279,320
4294967278,514
4294967279,319
4294967278,199
4294967279,318
4294967278,198
4294967279,317
4294967278,513
4294967279,316
4294967278,196
4294967279,315
4294967278,195
4294967279,314
4294967294,7
4294967278,512
4294967278,319
4294967278,318
4294967279,313
4294967278,317
4294967279,312
4294967278,316
4294967278,315
4294967279,311
4294967278,314
4294967278,0
4294967279,310
4294967279,0
4294967294,81
4294967278,132
4294967278,131
4294967278,130
4294967278,129
4294967278,128
4294967278,127
4294967278,126
4294967278,125
4294967278,124
4294967278,123
4294967278,122
4294967278,121
4294967278,120
4294967278,119
4294967278,118
4294967278,117
4294967278,116
4294967278,115
4294967278,114
4294967278,113
4294967278,112
4294967278,111
4294967278,110
4294967278,109
4294967278,108
4294967278,107
4294967278,106
4294967278,105
4294967278,104
4294967278,103
4294967278,102
4294967278,101
4294967278,100
4294967278,99
4294967278,98
4294967278,97
4294967278,96
4294967278,95
4294967278,94
4294967278,93
4294967278,92
4294967278,91
4294967278,90
